0 0.84453
1 0.838325
2 0.820283
3 0.791792
4 0.75484
5 0.711684
6 0.664569
7 0.615532
8 0.566307
9 0.518286
10 0.472511
11 0.429702
12 0.390288
13 0.354463
14 0.322241
15 0.293513
16 0.268091
17 0.245736
18 0.226184
19 0.209164
20 0.194415
21 0.181702
22 0.170828
23 0.16163
24 0.153971
25 0.147715
26 0.142707
27 0.13876
28 0.135656
29 0.13316
30 0.131023
31 0.129002
32 0.126887
33 0.124525
34 0.121814
35 0.1187
36 0.115171
37 0.111264
38 0.107052
39 0.102634
40 0.0981162
41 0.093595
42 0.0891434
43 0.0848039
44 0.0805853
45 0.0764665
46 0.0724051
47 0.0683469
48 0.0642367
49 0.060026
50 0.0556793
51 0.0511754
52 0.0465072
53 0.0416788
54 0.0366996
55 0.0315776
56 0.0263129
57 0.0208946
58 0.0153034
59 0.00951832
60 0.00352568
61 -0.00267243
62 -0.00905191
63 -0.0155641
64 -0.0221374
65 -0.0286839
66 -0.0351096
67 -0.0413254
68 -0.0472528
69 -0.0528247
70 -0.0579832
71 -0.0626793
72 -0.0668743
73 -0.0705442
74 -0.0736846
75 -0.0763159
76 -0.0784872
77 -0.0802771
78 -0.0817899
79 -0.0831468
80 -0.0844717
81 -0.0858763
82 -0.0874455
83 -0.0892271
84 -0.0912272
85 -0.0934104
86 -0.0957066
87 -0.0980216
88 -0.100251
89 -0.102297
90 -0.104075
91 -0.105528
92 -0.106624
93 -0.107353
94 -0.107722
95 -0.107746
96 -0.107438
97 -0.106803
98 -0.105834
99 -0.104517
100 -0.102831
101 -0.100759
102 -0.0982909
103 -0.0954252
104 -0.0921703
105 -0.0885428
106 -0.0845664
107 -0.0802712
108 -0.0756936
109 -0.0708753
110 -0.0658634
111 -0.0607103
112 -0.0554745
113 -0.0502208
114 -0.0450207
115 -0.0399499
116 -0.0350863
117 -0.0305081
118 -0.0262944
119 -0.0225259
120 -0.0192839
121 -0.0166475
122 -0.0146869
123 -0.0134552
124 -0.012979
125 -0.0132475
126 -0.0142054
127 -0.0157495
128 -0.0177347
129 -0.01999
130 -0.0223383
131 -0.024619
132 -0.0267051
133 -0.0285138
134 -0.0300082
135 -0.0311921
136 -0.0320987
137 -0.032776
138 -0.0332708
139 -0.0336143
140 -0.0338111
141 -0.0338351
142 -0.0336317
143 -0.0331266
144 -0.0322361
145 -0.0308782
146 -0.0289814
147 -0.0264944
148 -0.0233957
149 -0.0197026
150 -0.0154772
151 -0.0108274
152 -0.00590045
153 -0.00087135
154 0.0040723
155 0.00874692
156 0.0129888
157 0.0166667
158 0.0196907
159 0.0220133
160 0.023626
161 0.0245505
162 0.0248277
163 0.0245075
164 0.0236411
165 0.0222772
166 0.0204634
167 0.0182493
168 0.0156906
169 0.0128505
170 0.00979701
171 0.00659715
172 0.00331271
173 7.69846e-07
174 -0.00328161
175 -0.00647022
176 -0.00948662
177 -0.0122339
178 -0.0145978
179 -0.0164559
180 -0.0176935
181 -0.0182219
182 -0.0179937
183 -0.0170085
184 -0.0153087
185 -0.0129675
186 -0.0100755
187 -0.00672912
188 -0.00302399
189 0.000948558
190 0.00510384
191 0.00936485
192 0.0136615
193 0.0179272
194 0.0220944
195 0.0260906
196 0.0298388
197 0.0332606
198 0.0362828
199 0.0388444
200 0.0409049
201 0.0424505
202 0.0434971
203 0.0440891
204 0.0442929
205 0.0441882
206 0.0438577
207 0.0433796
208 0.0428232
209 0.0422463
210 0.0416961
211 0.0412106
212 0.040821
213 0.0405538
214 0.0404308
215 0.0404671
216 0.0406658
217 0.0410129
218 0.0414729
219 0.0419882
220 0.0424818
221 0.0428634
222 0.0430366
223 0.042907
224 0.042389
225 0.0414138
226 0.0399368
227 0.0379449
228 0.0354608
229 0.0325445
230 0.0292898
231 0.0258171
232 0.0222616
233 0.0187595
234 0.0154308
235 0.0123658
236 0.00961578
237 0.00719213
238 0.00507271
239 0.00321196
240 0.00155127
241 2.68514e-05
242 -0.00142548
243 -0.00286813
244 -0.00436154
245 -0.00596537
246 -0.00773986
247 -0.00974635
248 -0.0120458
249 -0.0146951
250 -0.0177416
251 -0.0212163
252 -0.0251277
253 -0.0294569
254 -0.0341566
255 -0.0391543
256 -0.0443599
257 -0.0496759
258 -0.0550074
259 -0.06027
260 -0.0653924
261 -0.0703167
262 -0.0749949
263 -0.0793837
264 -0.0834391
265 -0.0871115
266 -0.0903437
267 -0.0930731
268 -0.0952401
269 -0.0967987
270 -0.0977284
271 -0.0980382
272 -0.0977643
273 -0.0969619
274 -0.0956975
275 -0.0940439
276 -0.0920772
277 -0.0898743
278 -0.0875096
279 -0.0850521
280 -0.0825646
281 -0.0801051
282 -0.0777286
283 -0.0754896
284 -0.0734419
285 -0.0716379
286 -0.0701259
287 -0.068948
288 -0.0681368
289 -0.0677132
290 -0.0676849
291 -0.0680479
292 -0.0687899
293 -0.0698966
294 -0.0713557
295 -0.07316
296 -0.0753063
297 -0.077792
298 -0.0806102
299 -0.0837446
300 -0.0871648
301 -0.0908226
302 -0.0946494
303 -0.0985532
304 -0.10242
305 -0.106121
306 -0.10952
307 -0.112495
308 -0.114951
309 -0.116832
310 -0.11813
311 -0.118873
312 -0.119116
313 -0.118917
314 -0.118319
315 -0.11734
316 -0.115971
317 -0.114188
318 -0.111966
319 -0.1093
320 -0.10622
321 -0.102802
322 -0.099159
323 -0.0954292
324 -0.0917562
325 -0.0882702
326 -0.0850761
327 -0.082247
328 -0.0798247
329 -0.0778211
330 -0.0762228
331 -0.074997
332 -0.0740984
333 -0.073476
334 -0.073076
335 -0.0728405
336 -0.072704
337 -0.0725889
338 -0.0724028
339 -0.0720391
340 -0.0713817
341 -0.0703146
342 -0.0687333
343 -0.0665585
344 -0.0637462
345 -0.0602952
346 -0.0562488
347 -0.0516934
348 -0.0467532
349 -0.0415834
350 -0.0363602
351 -0.0312661
352 -0.0264731
353 -0.0221257
354 -0.0183303
355 -0.015151
356 -0.0126111
357 -0.0106984
358 -0.00937055
359 -0.00856295
360 -0.00819812
361 -0.00819771
362 -0.00849343
363 -0.00903415
364 -0.00978723
365 -0.0107351
366 -0.0118701
367 -0.0131912
368 -0.0147018
369 -0.0164087
370 -0.018318
371 -0.0204305
372 -0.022736
373 -0.0252109
374 -0.0278194
375 -0.0305198
376 -0.0332728
377 -0.03605
378 -0.0388375
379 -0.0416357
380 -0.0444558
381 -0.047315
382 -0.0502335
383 -0.053233
384 -0.0563345
385 -0.0595562
386 -0.0629099
387 -0.0663973
388 -0.0700066
389 -0.0737109
390 -0.0774687
391 -0.0812266
392 -0.0849228
393 -0.0884905
394 -0.0918589
395 -0.0949537
396 -0.0976976
397 -0.100011
398 -0.101817
399 -0.103042
400 -0.10363
401 -0.103545
402 -0.102781
403 -0.101364
404 -0.09935
405 -0.0968218
406 -0.0938773
407 -0.090623
408 -0.0871655
409 -0.0836052
410 -0.0800312
411 -0.0765184
412 -0.0731281
413 -0.0699102
414 -0.066906
415 -0.0641509
416 -0.0616738
417 -0.059495
418 -0.0576246
419 -0.0560579
420 -0.0547692
421 -0.0537078
422 -0.0528006
423 -0.0519624
424 -0.0511076
425 -0.0501611
426 -0.0490672
427 -0.0477929
428 -0.0463254
429 -0.0446628
430 -0.0428042
431 -0.0407436
432 -0.0384715
433 -0.0359837
434 -0.0332925
435 -0.0304352
436 -0.0274747
437 -0.0244913
438 -0.0215686
439 -0.0187781
440 -0.0161671
441 -0.0137526
442 -0.0115229
443 -0.00944709
444 -0.00748992
445 -0.00562855
446 -0.00386466
447 -0.00222898
448 -0.000778627
449 0.000409643
450 0.00125267
451 0.00168562
452 0.00168042
453 0.00123461
454 0.000351361
455 -0.00095854
456 -0.00265988
457 -0.00468129
458 -0.00691779
459 -0.00924486
460 -0.0115346
461 -0.0136652
462 -0.0155228
463 -0.0170016
464 -0.0180071
465 -0.018467
466 -0.0183454
467 -0.0176519
468 -0.0164389
469 -0.0147895
470 -0.0128028
471 -0.0105839
472 -0.00824021
473 -0.00588188
474 -0.00362052
475 -0.00156409
476 0.000193863
477 0.00158787
478 0.0025891
479 0.00320373
480 0.0034663
481 0.00343459
482 0.00318548
483 0.00280846
484 0.00239663
485 0.00203757
486 0.00180717
487 0.00176844
488 0.001975
489 0.00247679
490 0.00332483
491 0.00457215
492 0.00626975
493 0.00845853
494 0.0111601
495 0.0143699
496 0.0180553
497 0.0221589
498 0.026607
499 0.0313164
500 0.0362012
501 0.0411741
502 0.046147
503 0.0510294
504 0.0557301
505 0.0601612
506 0.0642437
507 0.0679141
508 0.0711297
509 0.0738746
510 0.0761639
511 0.0780486
512 0.0796147
513 0.0809741
514 0.0822465
515 0.0835405
516 0.0849376
517 0.0864829
518 0.0881801
519 0.0899911
520 0.0918419
521 0.0936317
522 0.0952475
523 0.0965785
524 0.0975279
525 0.0980197
526 0.0980014
527 0.0974466
528 0.0963581
529 0.0947705
530 0.0927467
531 0.0903689
532 0.0877273
533 0.0849101
534 0.0819971
535 0.079056
536 0.0761388
537 0.0732789
538 0.0704888
539 0.0677615
540 0.0650762
541 0.0624099
542 0.059752
543 0.0571178
544 0.0545572
545 0.0521548
546 0.0500203
547 0.0482736
548 0.0470248
549 0.0463552
550 0.0463017
551 0.0468482
552 0.0479272
553 0.0494307
554 0.0512293
555 0.0531915
556 0.0552016
557 0.0571683
558 0.0590268
559 0.0607331
560 0.0622547
561 0.0635616
562 0.0646207
563 0.0653955
564 0.0658506
565 0.0659603
566 0.0657173
567 0.0651396
568 0.0642718
569 0.0631816
570 0.0619519
571 0.0606709
572 0.0594217
573 0.0582738
574 0.0572761
575 0.056455
576 0.0558168
577 0.0553561
578 0.0550648
579 0.0549404
580 0.0549889
581 0.0552224
582 0.0556532
583 0.0562878
584 0.0571213
585 0.0581345
586 0.0592914
587 0.0605365
588 0.0617947
589 0.0629743
590 0.0639748
591 0.0646975
592 0.0650571
593 0.0649901
594 0.0644606
595 0.0634613
596 0.0620109
597 0.0601457
598 0.05791
599 0.0553463
600 0.0524904
601 0.049372
602 0.0460201
603 0.0424694
604 0.0387655
605 0.0349674
606 0.0311465
607 0.0273799
608 0.0237394
609 0.020283
610 0.0170541
611 0.0140889
612 0.0114266
613 0.00911352
614 0.00719958
615 0.00572952
616 0.00473265
617 0.00421479
618 0.00415387
619 0.00449895
620 0.00517156
621 0.00606876
622 0.00706828
623 0.008036
624 0.00883575
625 0.00934107
626 0.00944736
627 0.00908292
628 0.00821709
629 0.00686408
630 0.00508172
631 0.00296579
632 0.000641042
633 -0.00174967
634 -0.00405699
635 -0.00613665
636 -0.00785975
637 -0.00912107
638 -0.00984512
639 -0.00999083
640 -0.00955522
641 -0.00857536
642 -0.00712661
643 -0.00531524
644 -0.00326553
645 -0.00110325
646 0.00106059
647 0.00314132
648 0.00508412
649 0.00685861
650 0.00844711
651 0.00983193
652 0.0109874
653 0.0118796
654 0.0124715
655 0.0127311
656 0.0126372
657 0.0121825
658 0.0113751
659 0.0102389
660 0.00881296
661 0.00714935
662 0.00530848
663 0.00335369
664 0.00134736
665 -0.000650233
666 -0.0025795
667 -0.00437981
668 -0.00598941
669 -0.00734821
670 -0.00840314
671 -0.00911408
672 -0.00945872
673 -0.00943519
674 -0.00906262
675 -0.00838076
676 -0.00744943
677 -0.00634766
678 -0.00517045
679 -0.00402163
680 -0.00300225
681 -0.00219649
682 -0.0016589
683 -0.00140619
684 -0.00141557
685 -0.00162949
686 -0.00196444
687 -0.00232182
688 -0.00259868
689 -0.00269713
690 -0.00253162
691 -0.00203357
692 -0.0011537
693 0.000137846
694 0.00185253
695 0.00398446
696 0.00651189
697 0.0094006
698 0.0126081
699 0.0160863
700 0.0197812
701 0.0236318
702 0.0275682
703 0.0315103
704 0.0353665
705 0.0390346
706 0.0424029
707 0.0453542
708 0.0477732
709 0.0495552
710 0.0506172
711 0.0509063
712 0.0504039
713 0.0491266
714 0.0471225
715 0.0444686
716 0.0412669
717 0.0376411
718 0.0337328
719 0.0296961
720 0.0256927
721 0.0218852
722 0.0184309
723 0.0154733
724 0.0131335
725 0.0115015
726 0.0106312
727 0.0105386
728 0.011204
729 0.0125757
730 0.0145755
731 0.0171042
732 0.0200472
733 0.0232816
734 0.0266847
735 0.0301418
736 0.0335546
737 0.0368453
738 0.0399592
739 0.0428649
740 0.0455539
741 0.0480383
742 0.050348
743 0.052523
744 0.0546043
745 0.0566194
746 0.0585696
747 0.0604207
748 0.0621018
749 0.0635142
750 0.0645466
751 0.0650933
752 0.0650691
753 0.0644197
754 0.0631242
755 0.0611935
756 0.0586628
757 0.0555842
758 0.0520176
759 0.0480242
760 0.0436617
761 0.0389809
762 0.0340234
763 0.0288207
764 0.0233962
765 0.0177709
766 0.011973
767 0.00605115
768 8.60372e-05
769 -0.00580037
770 -0.0114437
771 -0.0166449
772 -0.0211879
773 -0.024864
774 -0.0274992
775 -0.0289764
776 -0.0292472
777 -0.0283317
778 -0.0263095
779 -0.0233073
780 -0.0194881
781 -0.015041
782 -0.0101709
783 -0.0050848
784 2.26807e-05
785 0.00498225
786 0.00965809
787 0.0139497
788 0.0177892
789 0.0211362
790 0.0239726
791 0.026298
792 0.0281262
793 0.0294831
794 0.0304066
795 0.0309482
796 0.0311746
797 0.031166
798 0.0310106
799 0.0307953
800 0.0305946
801 0.0304606
802 0.0304143
803 0.0304423
804 0.0304982
805 0.0305097
806 0.0303898
807 0.0300486
808 0.0294047
809 0.0283939
810 0.0269726
811 0.0251189
812 0.0228299
813 0.0201169
814 0.0169996
815 0.0135005
816 0.0096385
817 0.00542542
818 0.000863683
819 -0.00405134
820 -0.00932541
821 -0.0149571
822 -0.0209296
823 -0.0272042
824 -0.0337175
825 -0.0403826
826 -0.0470928
827 -0.0537297
828 -0.0601712
829 -0.0663004
830 -0.0720124
831 -0.077217
832 -0.0818378
833 -0.0858067
834 -0.0890574
835 -0.0915202
836 -0.0931211
837 -0.093787
838 -0.0934564
839 -0.0920946
840 -0.0897085
841 -0.0863598
842 -0.0821698
843 -0.0773166
844 -0.0720223
845 -0.0665329
846 -0.0610933
847 -0.0559221
848 -0.051193
849 -0.0470224
850 -0.0434683
851 -0.0405361
852 -0.0381893
853 -0.0363628
854 -0.0349752
855 -0.0339394
856 -0.03317
857 -0.0325889
858 -0.0321282
859 -0.0317319
860 -0.0313555
861 -0.0309648
862 -0.0305361
863 -0.0300549
864 -0.0295166
865 -0.0289237
866 -0.0282812
867 -0.0275881
868 -0.0268295
869 -0.0259746
870 -0.024983
871 -0.0238175
872 -0.0224571
873 -0.0209062
874 -0.0191995
875 -0.0174005
876 -0.0155962
877 -0.0138865
878 -0.0123692
879 -0.0111262
880 -0.0102108
881 -0.00964347
882 -0.00941244
883 -0.00948094
884 -0.00979614
885 -0.0102981
886 -0.0109279
887 -0.0116342
888 -0.0123786
889 -0.0131389
890 -0.0139087
891 -0.0146945
892 -0.0155099
893 -0.0163687
894 -0.0172783
895 -0.0182325
896 -0.0192063
897 -0.020154
898 -0.0210121
899 -0.0217076
900 -0.0221715
901 -0.0223544
902 -0.022242
903 -0.0218641
904 -0.0212968
905 -0.020657
906 -0.0200886
907 -0.0197433
908 -0.0197571
909 -0.0202279
910 -0.021199
911 -0.0226548
912 -0.0245306
913 -0.0267311
914 -0.0291505
915 -0.0316865
916 -0.0342475
917 -0.0367546
918 -0.0391432
919 -0.0413654
920 -0.0433914
921 -0.0452107
922 -0.0468308
923 -0.0482748
924 -0.0495768
925 -0.0507773
926 -0.0519157
927 -0.0530244
928 -0.0541221
929 -0.0552104
930 -0.0562723
931 -0.0572717
932 -0.0581553
933 -0.0588553
934 -0.0592968
935 -0.0594094
936 -0.0591403
937 -0.0584647
938 -0.0573873
939 -0.0559357
940 -0.0541495
941 -0.0520709
942 -0.0497438
943 -0.0472212
944 -0.044575
945 -0.0418997
946 -0.0393049
947 -0.0368992
948 -0.0347696
949 -0.0329641
950 -0.0314823
951 -0.030274
952 -0.0292485
953 -0.028293
954 -0.027296
955 -0.0261682
956 -0.0248521
957 -0.0233178
958 -0.0215519
959 -0.0195464
960 -0.0172937
961 -0.0147875
962 -0.0120274
963 -0.00902418
964 -0.00580543
965 -0.00241825
966 0.00106914
967 0.00456818
968 0.0079733
969 0.0111677
970 0.0140309
971 0.0164458
972 0.0183038
973 0.0195063
974 0.0199645
975 0.0196008
976 0.018354
977 0.0161882
978 0.0131035
979 0.0091416
980 0.00438703
981 -0.00103638
982 -0.00696991
983 -0.0132244
984 -0.0195856
985 -0.0258225
986 -0.0317001
987 -0.0369944
988 -0.0415062
989 -0.0450696
990 -0.0475527
991 -0.0488539
992 -0.0488988
993 -0.0476417
994 -0.0450721
995 -0.0412236
996 -0.0361806
997 -0.0300777
998 -0.0230934
999 -0.0154396
1000 -0.00735112
1001 0.00092162
1002 0.00912033
1003 0.0169889
1004 0.0242903
1005 0.0308262
1006 0.0364461
1007 0.0410435
1008 0.0445544
1009 0.0469614
1010 0.0482967
1011 0.0486376
1012 0.0480944
1013 0.0467938
1014 0.0448607
1015 0.0424069
1016 0.039527
1017 0.0363038
1018 0.0328156
1019 0.0291424
1020 0.0253686
1021 0.0215811
1022 0.0178655
1023 0.014301
1024 0.0109562
1025 0.00788705
1026 0.0051358
1027 0.00273195
1028 0.000691661
1029 -0.000984751
1030 -0.00231833
1031 -0.00335828
1032 -0.00418642
1033 -0.0049152
1034 -0.00567875
1035 -0.00661937
1036 -0.00787252
1037 -0.0095522
1038 -0.0117377
1039 -0.0144633
1040 -0.0177124
1041 -0.0214189
1042 -0.025475
1043 -0.0297449
1044 -0.0340806
1045 -0.0383372
1046 -0.0423852
1047 -0.0461176
1048 -0.0494535
1049 -0.0523365
1050 -0.0547316
1051 -0.0566199
1052 -0.0579935
1053 -0.0588519
1054 -0.0591981
1055 -0.0590384
1056 -0.0583832
1057 -0.0572511
1058 -0.0556747
1059 -0.0537047
1060 -0.0514122
1061 -0.048887
1062 -0.0462327
1063 -0.0435578
1064 -0.0409651
1065 -0.0385386
1066 -0.0363346
1067 -0.0343775
1068 -0.0326653
1069 -0.0311796
1070 -0.0298975
1071 -0.0287971
1072 -0.0278559
1073 -0.0270438
1074 -0.026317
1075 -0.0256183
1076 -0.0248842
1077 -0.0240572
1078 -0.0230965
1079 -0.0219832
1080 -0.0207199
1081 -0.0193246
1082 -0.0178224
1083 -0.0162385
1084 -0.0145927
1085 -0.012896
1086 -0.0111489
1087 -0.00934084
1088 -0.00745283
1089 -0.00546397
1090 -0.00336208
1091 -0.00115579
1092 0.001116
1093 0.00338153
1094 0.0055422
1095 0.00748479
1096 0.00909626
1097 0.0102777
1098 0.0109568
1099 0.011097
1100 0.0107031
1101 0.0098208
1102 0.00853404
1103 0.00695807
1104 0.00523142
1105 0.00350687
1106 0.0019427
1107 0.000695131
1108 -8.87263e-05
1109 -0.000277749
1110 0.000235935
1111 0.00152947
1112 0.00364223
1113 0.00656987
1114 0.0102603
1115 0.0146119
1116 0.0194746
1117 0.0246537
1118 0.0299197
1119 0.0350222
1120 0.0397121
1121 0.043768
1122 0.0470236
1123 0.0493883
1124 0.0508542
1125 0.051488
1126 0.0514106
1127 0.0507714
1128 0.049724
1129 0.0484066
1130 0.0469277
1131 0.0453579
1132 0.0437261
1133 0.0420234
1134 0.0402134
1135 0.0382477
1136 0.0360829
1137 0.033696
1138 0.0310955
1139 0.028325
1140 0.0254605
1141 0.0226014
1142 0.019856
1143 0.0173256
1144 0.0150911
1145 0.0132047
1146 0.0116902
1147 0.0105495
1148 0.00977486
1149 0.00936156
1150 0.00931775
1151 0.00966839
1152 0.0104518
1153 0.0117098
1154 0.0134746
1155 0.0157571
1156 0.0185382
1157 0.0217637
1158 0.0253444
1159 0.0291597
1160 0.0330674
1161 0.0369172
1162 0.0405682
1163 0.043906
1164 0.0468553
1165 0.049388
1166 0.0515221
1167 0.0533135
1168 0.0548413
1169 0.0561909
1170 0.0574373
1171 0.0586328
1172 0.0598
1173 0.060932
1174 0.0619952
1175 0.062936
1176 0.0636864
1177 0.0641693
1178 0.0643035
1179 0.0640097
1180 0.063216
1181 0.0618654
1182 0.0599225
1183 0.0573783
1184 0.0542539
1185 0.0506003
1186 0.0464947
1187 0.0420337
1188 0.037324
1189 0.0324744
1190 0.0275894
1191 0.0227672
1192 0.0180994
1193 0.0136718
1194 0.00956202
1195 0.0058355
1196 0.00253844
1197 -0.000308224
1198 -0.00271231
1199 -0.00470997
1200 -0.00636141
1201 -0.00774378
1202 -0.00894255
1203 -0.010043
1204 -0.0111228
1205 -0.0122459
1206 -0.0134567
1207 -0.0147744
1208 -0.0161875
1209 -0.0176514
1210 -0.0190901
1211 -0.0204037
1212 -0.0214815
1213 -0.0222205
1214 -0.0225453
1215 -0.0224252
1216 -0.0218834
1217 -0.0209946
1218 -0.0198731
1219 -0.0186519
1220 -0.0174611
1221 -0.0164091
1222 -0.0155709
1223 -0.0149842
1224 -0.0146509
1225 -0.0145416
1226 -0.0146011
1227 -0.0147546
1228 -0.0149142
1229 -0.0149882
1230 -0.014891
1231 -0.0145525
1232 -0.0139261
1233 -0.0129945
1234 -0.0117742
1235 -0.0103171
1236 -0.00871031
1237 -0.00707358
1238 -0.00555123
1239 -0.00429929
1240 -0.00346812
1241 -0.0031841
1242 -0.00353401
1243 -0.00455466
1244 -0.00622854
1245 -0.00848496
1246 -0.0112057
1247 -0.0142342
1248 -0.0173863
1249 -0.0204633
1250 -0.0232659
1251 -0.0256075
1252 -0.0273259
1253 -0.0282902
1254 -0.0284046
1255 -0.02761
1256 -0.0258876
1257 -0.0232636
1258 -0.0198156
1259 -0.015675
1260 -0.0110226
1261 -0.00607548
1262 -0.00106457
1263 0.00379155
1264 0.00831102
1265 0.0123649
1266 0.0158814
1267 0.0188384
1268 0.0212483
1269 0.0231411
1270 0.0245515
1271 0.025513
1272 0.0260582
1273 0.0262219
1274 0.0260458
1275 0.0255793
1276 0.0248795
1277 0.0240084
1278 0.0230284
1279 0.0219989
1280 0.0209722
1281 0.019992
1282 0.019093
1283 0.0183027
1284 0.017644
1285 0.0171376
1286 0.0168042
1287 0.016665
1288 0.0167431
1289 0.017063
1290 0.0176506
1291 0.0185323
1292 0.0197334
1293 0.0212761
1294 0.0231766
1295 0.0254408
1296 0.0280599
1297 0.0310071
1298 0.0342356
1299 0.0376802
1300 0.0412605
1301 0.0448859
1302 0.0484605
1303 0.0518886
1304 0.0550786
1305 0.0579481
1306 0.0604283
1307 0.0624695
1308 0.0640468
1309 0.0651647
1310 0.0658606
1311 0.0662051
1312 0.0662989
1313 0.0662652
1314 0.066238
1315 0.0663469
1316 0.0667027
1317 0.0673878
1318 0.0684528
1319 0.069922
1320 0.0718004
1321 0.0740808
1322 0.0767461
1323 0.0797666
1324 0.0830949
1325 0.0866612
1326 0.0903703
1327 0.0941032
1328 0.0977212
1329 0.101073
1330 0.104003
1331 0.106361
1332 0.10801
1333 0.108836
1334 0.108758
1335 0.107728
1336 0.105737
1337 0.102813
1338 0.0990195
1339 0.0944424
1340 0.0891863
1341 0.0833634
1342 0.077086
1343 0.0704622
1344 0.0635934
1345 0.0565763
1346 0.049505
1347 0.0424749
1348 0.0355879
1349 0.0289589
1350 0.0227225
1351 0.0170327
1352 0.0120527
1353 0.00793662
1354 0.00480814
1355 0.00274134
1356 0.00174756
1357 0.0017705
1358 0.00268996
1359 0.00433356
1360 0.00649478
1361 0.00895488
1362 0.0115058
1363 0.0139702
1364 0.0162158
1365 0.018161
1366 0.0197715
1367 0.0210523
1368 0.0220374
1369 0.0227799
1370 0.0233458
1371 0.0238065
1372 0.0242307
1373 0.0246742
1374 0.0251707
1375 0.0257287
1376 0.0263385
1377 0.0269845
1378 0.0276584
1379 0.0283674
1380 0.0291362
1381 0.0300006
1382 0.030994
1383 0.0321285
1384 0.0333778
1385 0.0346682
1386 0.0358834
1387 0.0368797
1388 0.0375082
1389 0.0376359
1390 0.0371581
1391 0.0360025
1392 0.0341278
1393 0.031522
1394 0.028206
1395 0.0242399
1396 0.0197244
1397 0.0147923
1398 0.00958853
1399 0.00424925
1400 -0.00110874
1401 -0.00638394
1402 -0.0114769
1403 -0.0162796
1404 -0.0206819
1405 -0.0245973
1406 -0.0279864
1407 -0.0308547
1408 -0.0332386
1409 -0.0351969
1410 -0.0368081
1411 -0.0381657
1412 -0.0393701
1413 -0.0405183
1414 -0.0416918
1415 -0.0429472
1416 -0.0443113
1417 -0.0457809
1418 -0.0473289
1419 -0.0489109
1420 -0.0504714
1421 -0.0519497
1422 -0.0532864
1423 -0.0544307
1424 -0.0553495
1425 -0.0560353
1426 -0.0565092
1427 -0.0568183
1428 -0.0570273
1429 -0.0572045
1430 -0.0574089
1431 -0.0576798
1432 -0.0580324
1433 -0.0584618
1434 -0.0589496
1435 -0.0594707
1436 -0.0599959
1437 -0.0604877
1438 -0.0608933
1439 -0.0611395
1440 -0.0611335
1441 -0.060773
1442 -0.059964
1443 -0.0586412
1444 -0.0567845
1445 -0.0544291
1446 -0.0516655
1447 -0.0486338
1448 -0.0455135
1449 -0.0425097
1450 -0.0398327
1451 -0.0376699
1452 -0.0361533
1453 -0.0353327
1454 -0.0351684
1455 -0.035547
1456 -0.0363145
1457 -0.0373125
1458 -0.0384077
1459 -0.0395089
1460 -0.0405717
1461 -0.0415925
1462 -0.0425965
1463 -0.0436216
1464 -0.0447028
1465 -0.0458578
1466 -0.0470782
1467 -0.048327
1468 -0.0495481
1469 -0.0506835
1470 -0.0516956
1471 -0.0525845
1472 -0.0533925
1473 -0.054196
1474 -0.0550875
1475 -0.0561571
1476 -0.0574753
1477 -0.0590809
1478 -0.0609717
1479 -0.0630993
1480 -0.0653698
1481 -0.0676528
1482 -0.0697985
1483 -0.0716603
1484 -0.0731156
1485 -0.0740828
1486 -0.0745289
1487 -0.0744705
1488 -0.0739669
1489 -0.0731099
1490 -0.0720087
1491 -0.0707758
1492 -0.0695125
1493 -0.0682992
1494 -0.0671877
1495 -0.0661979
1496 -0.0653165
1497 -0.0645001
1498 -0.0636816
1499 -0.0627812
1500 -0.0617203
1501 -0.0604348
1502 -0.0588878
1503 -0.0570762
1504 -0.0550325
1505 -0.0528181
1506 -0.0505134
1507 -0.0482053
1508 -0.0459771
1509 -0.0439001
1510 -0.0420264
1511 -0.0403832
1512 -0.0389692
1513 -0.0377538
1514 -0.0366824
1515 -0.0356863
1516 -0.0346967
1517 -0.0336581
1518 -0.0325372
1519 -0.0313244
1520 -0.030027
1521 -0.0286595
1522 -0.0272379
1523 -0.0257792
1524 -0.0243045
1525 -0.0228397
1526 -0.021412
1527 -0.0200443
1528 -0.018751
1529 -0.0175365
1530 -0.0163999
1531 -0.01534
1532 -0.0143618
1533 -0.0134811
1534 -0.0127267
1535 -0.0121433
1536 -0.0117922
1537 -0.0117518
1538 -0.0121156
1539 -0.0129848
1540 -0.0144559
1541 -0.016602
1542 -0.019453
1543 -0.02298
1544 -0.027088
1545 -0.0316208
1546 -0.0363758
1547 -0.0411238
1548 -0.0456311
1549 -0.0496773
1550 -0.0530688
1551 -0.0556477
1552 -0.057298
1553 -0.0579508
1554 -0.0575901
1555 -0.0562561
1556 -0.0540442
1557 -0.0510981
1558 -0.0475961
1559 -0.0437341
1560 -0.039708
1561 -0.0357001
1562 -0.031869
1563 -0.0283446
1564 -0.0252264
1565 -0.0225833
1566 -0.0204555
1567 -0.018857
1568 -0.0177801
1569 -0.0172016
1570 -0.0170902
1571 -0.0174143
1572 -0.0181463
1573 -0.0192626
1574 -0.0207367
1575 -0.0225279
1576 -0.0245686
1577 -0.0267545
1578 -0.0289443
1579 -0.0309705
1580 -0.0326575
1581 -0.0338432
1582 -0.0343982
1583 -0.0342376
1584 -0.0333277
1585 -0.0316857
1586 -0.0293765
1587 -0.0265049
1588 -0.0232062
1589 -0.0196332
1590 -0.0159418
1591 -0.0122756
1592 -0.0087531
1593 -0.00546009
1594 -0.00245097
1595 0.000242633
1596 0.00259926
1597 0.00459664
1598 0.00620615
1599 0.00739317
1600 0.00812162
1601 0.00836002
1602 0.00808724
1603 0.00729742
1604 0.00600378
1605 0.00424155
1606 0.00206898
1607 -0.000434008
1608 -0.0031702
1609 -0.00603218
1610 -0.00891162
1611 -0.0117096
1612 -0.0143466
1613 -0.0167693
1614 -0.0189527
1615 -0.020895
1616 -0.0226086
1617 -0.0241085
1618 -0.0254039
1619 -0.026493
1620 -0.0273624
1621 -0.027989
1622 -0.0283448
1623 -0.0284039
1624 -0.0281512
1625 -0.027592
1626 -0.0267604
1627 -0.0257231
1628 -0.024577
1629 -0.0234401
1630 -0.022437
1631 -0.0216823
1632 -0.0212664
1633 -0.0212443
1634 -0.0216294
1635 -0.0223926
1636 -0.023466
1637 -0.0247539
1638 -0.0261473
1639 -0.0275415
1640 -0.0288512
1641 -0.0300213
1642 -0.0310303
1643 -0.0318867
1644 -0.0326214
1645 -0.033278
1646 -0.0339055
1647 -0.0345542
1648 -0.0352736
1649 -0.0361081
1650 -0.0370906
1651 -0.0382335
1652 -0.0395232
1653 -0.0409202
1654 -0.0423663
1655 -0.043797
1656 -0.0451522
1657 -0.0463859
1658 -0.0474701
1659 -0.0483978
1660 -0.0491827
1661 -0.0498578
1662 -0.0504693
1663 -0.0510676
1664 -0.0516947
1665 -0.0523709
1666 -0.0530842
1667 -0.0537864
1668 -0.0543956
1669 -0.0548089
1670 -0.0549195
1671 -0.0546356
1672 -0.0538967
1673 -0.0526837
1674 -0.0510222
1675 -0.0489771
1676 -0.0466437
1677 -0.0441353
1678 -0.0415726
1679 -0.0390738
1680 -0.0367483
1681 -0.0346893
1682 -0.0329678
1683 -0.0316247
1684 -0.0306672
1685 -0.0300682
1686 -0.0297727
1687 -0.029707
1688 -0.0297889
1689 -0.029936
1690 -0.0300734
1691 -0.0301392
1692 -0.0300897
1693 -0.0299024
1694 -0.0295782
1695 -0.0291421
1696 -0.0286413
1697 -0.0281406
1698 -0.0277143
1699 -0.0274372
1700 -0.0273748
1701 -0.0275741
1702 -0.0280558
1703 -0.0288068
1704 -0.0297783
1705 -0.0308903
1706 -0.0320426
1707 -0.0331313
1708 -0.0340662
1709 -0.0347872
1710 -0.0352733
1711 -0.0355464
1712 -0.0356669
1713 -0.0357205
1714 -0.0357985
1715 -0.0359751
1716 -0.0362914
1717 -0.0367467
1718 -0.0372967
1719 -0.0378593
1720 -0.0383288
1721 -0.0385982
1722 -0.0385824
1723 -0.038235
1724 -0.0375554
1725 -0.0365846
1726 -0.035394
1727 -0.0340699
1728 -0.0326977
1729 -0.0313485
1730 -0.0300707
1731 -0.0288878
1732 -0.0278012
1733 -0.0267963
1734 -0.0258495
1735 -0.0249348
1736 -0.024028
1737 -0.0231095
1738 -0.0221641
1739 -0.0211769
1740 -0.0201279
1741 -0.0189873
1742 -0.0177146
1743 -0.0162634
1744 -0.0145906
1745 -0.0126648
1746 -0.010473
1747 -0.00802159
1748 -0.00533652
1749 -0.00246315
1750 0.000533252
1751 0.00356844
1752 0.00654287
1753 0.00934824
1754 0.0118761
1755 0.0140272
1756 0.0157191
1757 0.016892
1758 0.017511
1759 0.0175667
1760 0.0170731
1761 0.0160631
1762 0.0145826
1763 0.0126831
1764 0.0104171
1765 0.00783603
1766 0.00499376
1767 0.00195191
1768 -0.00121529
1769 -0.00441991
1770 -0.00756517
1771 -0.0105556
1772 -0.01331
1773 -0.015771
1774 -0.0179082
1775 -0.0197112
1776 -0.0211767
1777 -0.0222955
1778 -0.0230471
1779 -0.0234044
1780 -0.023346
1781 -0.0228686
1782 -0.0219914
1783 -0.0207506
1784 -0.0191904
1785 -0.0173528
1786 -0.0152726
1787 -0.0129745
1788 -0.0104754
1789 -0.00778737
1790 -0.00492342
1791 -0.00190173
1792 0.0012517
1793 0.0045036
1794 0.00781682
1795 0.0111555
1796 0.0144898
1797 0.0177979
1798 0.0210663
1799 0.0242866
1800 0.0274535
1801 0.0305617
1802 0.0336055
1803 0.0365797
1804 0.039483
1805 0.0423212
1806 0.0451094
1807 0.047871
1808 0.0506351
1809 0.0534312
1810 0.0562832
1811 0.059204
1812 0.0621916
1813 0.065229
1814 0.0682857
1815 0.0713209
1816 0.0742852
1817 0.0771216
1818 0.0797657
1819 0.0821474
1820 0.0841922
1821 0.0858247
1822 0.0869719
1823 0.0875685
1824 0.0875628
1825 0.0869228
1826 0.0856399
1827 0.0837286
1828 0.0812226
1829 0.0781704
1830 0.0746319
1831 0.0706766
1832 0.0663835
1833 0.0618378
1834 0.0571285
1835 0.0523432
1836 0.0475643
1837 0.042864
1838 0.0383008
1839 0.0339164
1840 0.0297346
1841 0.0257615
1842 0.0219861
1843 0.0183824
1844 0.014911
1845 0.0115223
1846 0.00816302
1847 0.00478585
1848 0.00136328
1849 -0.00209873
1850 -0.0055522
1851 -0.00890866
1852 -0.0120505
1853 -0.014847
1854 -0.0171692
1855 -0.0188995
1856 -0.0199366
1857 -0.0201994
1858 -0.0196311
1859 -0.0182044
1860 -0.0159269
1861 -0.0128436
1862 -0.0090351
1863 -0.00461155
1864 0.000295613
1865 0.00554314
1866 0.010984
1867 0.016474
1868 0.0218767
1869 0.027069
1870 0.0319478
1871 0.0364393
1872 0.0405072
1873 0.0441533
1874 0.04741
1875 0.0503299
1876 0.0529787
1877 0.0554301
1878 0.0577598
1879 0.060037
1880 0.0623111
1881 0.0645963
1882 0.0668599
1883 0.0690197
1884 0.0709534
1885 0.0725154
1886 0.0735563
1887 0.0739407
1888 0.0735595
1889 0.072336
1890 0.0702267
1891 0.0672187
1892 0.0633236
1893 0.0585725
1894 0.0530118
1895 0.0467008
1896 0.0397127
1897 0.0321371
1898 0.0240827
1899 0.0156787
1900 0.00707351
1901 -0.00157136
1902 -0.0100914
1903 -0.018332
1904 -0.0261606
1905 -0.0334745
1906 -0.0402005
1907 -0.0462869
1908 -0.0516929
1909 -0.0563784
1910 -0.0603008
1911 -0.0634174
1912 -0.0656921
1913 -0.0671028
1914 -0.0676464
1915 -0.0673401
1916 -0.0662188
1917 -0.0643298
1918 -0.0617271
1919 -0.0584668
1920 -0.0546041
1921 -0.0501951
1922 -0.0453011
1923 -0.0399941
1924 -0.0343625
1925 -0.0285143
1926 -0.0225787
1927 -0.0167021
1928 -0.011039
1929 -0.00573837
1930 -0.000929381
1931 0.00329157
1932 0.00686981
1933 0.00979628
1934 0.0121059
1935 0.0138702
1936 0.0151853
1937 0.0161551
1938 0.0168735
1939 0.0174086
1940 0.017793
1941 0.0180219
1942 0.0180602
1943 0.0178531
1944 0.0173392
1945 0.0164621
1946 0.0151791
1947 0.0134656
1948 0.0113169
1949 0.00874563
1950 0.0057784
1951 0.00245334
1952 -0.00118064
1953 -0.00506164
1954 -0.00911119
1955 -0.0132311
1956 -0.0173033
1957 -0.0211928
1958 -0.0247574
1959 -0.0278593
1960 -0.0303791
1961 -0.0322281
1962 -0.0333555
1963 -0.0337506
1964 -0.0334393
1965 -0.0324773
1966 -0.0309398
1967 -0.0289115
1968 -0.0264778
1969 -0.0237186
1970 -0.0207067
1971 -0.0175082
1972 -0.0141839
1973 -0.0107893
1974 -0.0073725
1975 -0.00397263
1976 -0.000620598
1977 0.00265606
1978 0.00582677
1979 0.00885355
1980 0.0116911
1981 0.0142912
1982 0.0166095
1983 0.0186117
1984 0.020276
1985 0.0215917
1986 0.0225555
1987 0.0231691
1988 0.0234395
1989 0.0233799
1990 0.0230095
1991 0.0223514
1992 0.0214319
1993 0.0202797
1994 0.0189275
1995 0.0174099
1996 0.0157605
1997 0.0140081
1998 0.0121747
1999 0.0102783
