# 108 1000 0.01 30 0 3 3 lj.ham lj.ham lj.conf
-9.000991 -10 -10 10 0 0
-7.00001 -10 -10.00000908203 0 0 0
-9.001 -10 -7 0 0 0
-7 -9.999 -11.99999 0 0 0
0.999009 -10 -10 10 0 0
2.99999 -10 -10.00000908203 0 0 0
0.999 -10 -7 0 0 0
3 -9.999 -11.99999 0 0 0
10.999009 -10 -10 10 0 0
12.99999 -10 -10.00000908203 0 0 0
10.999 -10 -7 0 0 0
13 -9.999 -11.99999 0 0 0
-9.000991 0 -10 10 0 0
-7.00001 0 -10.00000908203 0 0 0
-9.001 0 -7 0 0 0
-7 0.001 -11.99999 0 0 0
0.999009 0 -10 10 0 0
2.99999 0 -10.00000908203 0 0 0
0.999 0 -7 0 0 0
3 0.001 -11.99999 0 0 0
10.999009 0 -10 10 0 0
12.99999 0 -10.00000908203 0 0 0
10.999 0 -7 0 0 0
13 0.001 -11.99999 0 0 0
-9.000991 10 -10 10 0 0
-7.00001 10 -10.00000908203 0 0 0
-9.001 10 -7 0 0 0
-7 10.001 -11.99999 0 0 0
0.999009 10 -10 10 0 0
2.99999 10 -10.00000908203 0 0 0
0.999 10 -7 0 0 0
3 10.001 -11.99999 0 0 0
10.999009 10 -10 10 0 0
12.99999 10 -10.00000908203 0 0 0
10.999 10 -7 0 0 0
13 10.001 -11.99999 0 0 0
-9.000991 -10 0 10 0 0
-7.00001 -10 -9.08203e-06 0 0 0
-9.001 -10 3 0 0 0
-7 -9.999 -1.99999 0 0 0
0.999009 -10 0 10 0 0
2.99999 -10 -9.08203e-06 0 0 0
0.999 -10 3 0 0 0
3 -9.999 -1.99999 0 0 0
10.999009 -10 0 10 0 0
12.99999 -10 -9.08203e-06 0 0 0
10.999 -10 3 0 0 0
13 -9.999 -1.99999 0 0 0
-9.000991 0 0 10 0 0
-7.00001 0 -9.08203e-06 0 0 0
-9.001 0 3 0 0 0
-7 0.001 -1.99999 0 0 0
0.999009 0 0 10 0 0
2.99999 0 -9.08203e-06 0 0 0
0.999 0 3 0 0 0
3 0.001 -1.99999 0 0 0
10.999009 0 0 10 0 0
12.99999 0 -9.08203e-06 0 0 0
10.999 0 3 0 0 0
13 0.001 -1.99999 0 0 0
-9.000991 10 0 10 0 0
-7.00001 10 -9.08203e-06 0 0 0
-9.001 10 3 0 0 0
-7 10.001 -1.99999 0 0 0
0.999009 10 0 10 0 0
2.99999 10 -9.08203e-06 0 0 0
0.999 10 3 0 0 0
3 10.001 -1.99999 0 0 0
10.999009 10 0 10 0 0
12.99999 10 -9.08203e-06 0 0 0
10.999 10 3 0 0 0
13 10.001 -1.99999 0 0 0
-9.000991 -10 10 10 0 0
-7.00001 -10 9.99999091797 0 0 0
-9.001 -10 13 0 0 0
-7 -9.999 8.00001 0 0 0
0.999009 -10 10 10 0 0
2.99999 -10 9.99999091797 0 0 0
0.999 -10 13 0 0 0
3 -9.999 8.00001 0 0 0
10.999009 -10 10 10 0 0
12.99999 -10 9.99999091797 0 0 0
10.999 -10 13 0 0 0
13 -9.999 8.00001 0 0 0
-9.000991 0 10 10 0 0
-7.00001 0 9.99999091797 0 0 0
-9.001 0 13 0 0 0
-7 0.001 8.00001 0 0 0
0.999009 0 10 10 0 0
2.99999 0 9.99999091797 0 0 0
0.999 0 13 0 0 0
3 0.001 8.00001 0 0 0
10.999009 0 10 10 0 0
12.99999 0 9.99999091797 0 0 0
10.999 0 13 0 0 0
13 0.001 8.00001 0 0 0
-9.000991 10 10 10 0 0
-7.00001 10 9.99999091797 0 0 0
-9.001 10 13 0 0 0
-7 10.001 8.00001 0 0 0
0.999009 10 10 10 0 0
2.99999 10 9.99999091797 0 0 0
0.999 10 13 0 0 0
3 10.001 8.00001 0 0 0
10.999009 10 10 10 0 0
12.99999 10 9.99999091797 0 0 0
10.999 10 13 0 0 0
13 10.001 8.00001 0 0 0
